266986
229842
20639
254531
777568
696547
271216
192670
326749
600163
667473
586115
399202
543058
882006
819188
846142
232931
301918
1069862
817736
823395
303997
1391036
796086
22720
98955
16798
1301307
440149
682368
922598
949778
515846
437994
46231
156930
123758
558156
464805
796074
718085
1670333
562915
606276
199288
1580950
281264
218764
362545
251404
839299
330763
196494
41763
21758
456443
545776
37804
232922
1184617
568309
492869
62600
933
1266960
219866
1011516
37756
16933
1076417
1105981
518153
86861
722186
1123885
750039
646436
640037
87355
1065320
937717
233237
428832
592307
108223
66537
242295
127827
1092163
1024532
563014
56902
686150
377757
646350
1152099
1106700
345010
438086
1016333
604894
1281501
536879
1092297
455573
140101
344619
1157883
1063135
238828
807546
979640
231595
60778
1258272
540834
524349
340803
180918
921519
540915
199168
413626
61580
678959
168957
391381
1079359
547696
238540
687476
169250
802935
330618
20132
470475
762584
432077
288473
603612
428309
427424
548113
273719
235538
949516
1162743
107762
58203
1252304
129388
581778
612688
655468
599295
361954
514651
137070
304643
95276
1271103
834773
462812
851913
231032
751795
454702
1241878
789834
1135281
531256
320797
1335912
226136
584570
363015
417680
838166
211303
780878
394611
403953
114580
1283667
335203
733112
1172773
480531
109588
123745
451113
144277
76885
292834
79093
983696
438265
405485
149893
156328
536688
783695
195679
1474379
28642
341900
39837
660947
127852
367700
764045
341590
773967
470452
74670
93065
87543
556344
1085445
750440
626014
326970
857389
130455
835658
260588
623751
267250
1134985
512808
1055181
460322
189207
1487911
1302339
769314
576394
584243
454445
163706
206314
478786
182521
774036
111763
421044
790858
388951
367283
608753
850311
831202
182965
83622
649095
1601839
580564
511095
931719
5804
285293
196104
771759
308677
167478
276995
779821
383340
573794
1041576
252637
119672
1109165
325149
172952
540828
1562813
699846
631317
866433
73637
154452
181650
190448
130194
1091007
415949
298364
565909
1030534
625554
881813
172067
1063143
1224571
388573
508970
986445
547469
329928
1111541
1089810
156737
378765
205793
626958
314202
1033769
72593
287470
648900
70336
112037
159103
479373
193340
273243
927368
1486586
674114
518002
175652
1132959
835802
1113630
1501855
886625
32167
533556
692053
428854
697362
1187420
339314
151310
999916
1126023
1183689
800052
382241
1235550
1561361
653101
347714
296991
1026902
501614
68596
446433
711085
70712
131363
251960
1201089
1042771
1069082
312404
310261
554648
624646
498028
664322
273001
81508
412731
833820
267733
953915
560300
326885
670657
32354
1181033
165442
508932
786906
244391
235808
1153214
325169
1062516
462279
944687
4760
721918
165708
593567
107500
940647
916447
558533
555978
135139
598595
877186
745790
587275
36449
271412
899890
861056
143579
125614
466066
122173
242163
576955
581267
763300
569626
885552
267403
133899
1136067
1114180
20551
709875
18482
80988
509751
62702
64439
820027
103444
396554
382305
270455
785664
669153
789540
529111
1026833
317025
659485
1053035
699251
135950
701571
168575
521161
162371
641029
209280
469843
514136
1400798
835539
712898
1055286
745001
222216
263760
202951
1658071
2364
1013237
580144
739393
1521850
358327
955742
732413
59686
1052869
238138
330914
1106305
219722
628307
305026
533011
191881
1354086
189411
965605
109253
1287526
609950
956433
109922
1365072
1220704
1004613
1169738
278104
466374
837600
1174431
85955
218602
895371
487850
64631
201111
4884
1150176
6438
694748
830821
607198
425813
64400
44724
1183600
709982
559873
1547425
280584
679746
385857
502767
295825
1387926
770439
708767
706895
489200
200415
456979
976960
159973
192652
137099
364196
503397
491516
451354
315733
793334
394707
375115
806210
898673
389072
892903
155069
180742
232399
15580
104173
269401
1128438
395526
779545
987302
840341
143420
251630
450125
456581
265550
303489
657424
368479
152508
671604
798377
1338537
605716
222510
342541
108799
483757
153020
215056
626809
578033
204401
1371153
542787
577437
1013665
72226
1117907
399444
856938
625949
1003340
697324
982796
518147
437759
472200
122467
488135
785966
14127
189884
902502
1048674
442576
391206
686732
795032
1439079
512396
293884
23199
62024
732680
314100
270634
791144
41362
231722
264217
526921
798840
1135452
689574
345056
654099
898726
1170845
1468718
632288
178148
926731
470085
339839
1467145
399590
861696
376261
573854
138957
279705
11584
605205
556354
354475
363243
474515
100544
182360
6221
522607
213547
726284
895331
10949
633670
625259
518917
475340
367165
1188508
85791
276605
105637
677620
1645670
109721
673672
96476
830155
1486528
1420427
294375
1021034
311399
1200971
461692
543479
1207738
29136
352660
1213785
869195
1452509
277055
581742
441942
1190677
591217
17237
158092
122313
215217
1432735
155719
55384
680072
784209
1061865
708778
1073063
793315
123301
186692
383093
1169688
702219
774902
149556
610299
651545
302365
145523
323265
126734
1257178
1148259
631550
293899
12450
597024
503704
762222
1106937
80333
292959
885987
383952
204301
828805
413758
373914
1077254
109396
1059249
1049429
1067378
203434
444622
1485926
369313
178040
183874
287537
461788
352059
871742
251320
683133
333415
1484728
319814
773454
311989
824537
392793
1229509
751281
657528
584333
291981
259691
207499
584587
963101
1362183
764281
108948
329915
395956
694123
228426
1091696
299020
639592
259211
547389
1260401
1017258
543339
776226
1061728
97003
488011
618061
449256
171739
35403
544426
107948
1281350
1096515
721507
422753
592149
538675
759771
460257
498716
274084
1275084
145268
112483
764002
259880
242085
1021512
98085
36582
58895
909131
1051100
71105
241745
974101
450338
244530
278804
1299049
418164
1070711
93080
1150888
618796
569248
1291323
897862
27423
890561
368575
53132
198190
287121
8212
449782
1159796
216479
238284
477322
16605
226484
1470055
240372
80678
48214
1059991
524174
126654
508106
988258
315965
682957
1019959
337103
266210
1308476
1050117
118920
669427
447206
727937
389803
489050
161462
448493
971298
1271255
744103
684042
69765
10222
338842
40193
352134
944506
347189
20369
815002
1248885
430127
810381
1236095
542237
11349
94942
471768
187424
247877
28143
176008
57962
656638
693080
424517
780785
451891
1132680
772859
664133
457888
1335659
129861
1432416
59088
602695
725916
516669
708907
1029970
1131718
761539
693900
104985
1043915
479849
583132
576874
259702
1043733
636988
367215
541809
349863
991892
1110270
642150
1117610
732783
768928
283998
1063020
119041
41930
574493
365565
316053
1343517
325072
145868
1087281
234309
930757
427643
410052
1230151
772322
255605
565491
594087
491544
729488
46031
1121118
335960
323959
291588
129790
827033
153320
203570
391509
626929
638162
378581
1072851
239175
6213
1367199
209561
256173
647801
380287
276913
333525
96684
190369
187140
1273246
270299
837145
1418486
766230
406158
411060
1248691
1313465
591874
1416950
906889
142152
246917
778016
187838
358967
425600
590430
152609
1201068
208527
544225
90559
139400
5324
1114667
667163
294482
297412
582643
772881
929741
1450095
113420
44071
546395
123323
767201
760388
330170
973790
107406
28472
972495
1406964
1530422
610304
415350
460262
119858
827676
564767
543135
210262
1172347
7634
1351369
1548666
15940
1014430
303527
295908
152193
473720
1161959
205052
215116
240306
451193
842693
159241
155907
426570
845144
112662
1051152
18355
1178819
404813
320512
400374
762558
588851
166115
474346
466764
425065
1164962
155111
211261
685112
1050575
175625
576616
186624
423378
1417056
133945
5152
535246
508488
677688
1259878
516063
299178
749959
1410867
314017
535947
164313
40717
1210836
209549
527151
80440
86092
819653
732814
607737
1122230
842371
919060
832976
293592
1309815
488367
944485
829273
57977
117486
962
479054
300051
1377915
480945